0000000000000010 2
0000000000000011 3
0000000000000101 5
0000000000000111 7
0000000000001011 11
0000000000001101 13
0000000000010001 17
0000000000010011 19
0000000000010111 23
0000000000011101 29
0000000000011111 31
0000000000100101 37
0000000000101001 41
0000000000101011 43
0000000000101111 47
0000000000110101 53
0000000000111011 59
0000000000111101 61
0000000001000011 67
0000000001000111 71
0000000001001001 73
0000000001001111 79
0000000001010011 83
0000000001011001 89
0000000001100001 97
0000000001100101 101
0000000001100111 103
0000000001101011 107
0000000001101101 109
0000000001110001 113
0000000001111111 127
0000000010000011 131
0000000010001001 137
0000000010001011 139
0000000010010101 149
0000000010010111 151
0000000010011101 157
0000000010100011 163
0000000010100111 167
0000000010101101 173
0000000010110011 179
0000000010110101 181
0000000010111111 191
0000000011000001 193
0000000011000101 197
0000000011000111 199
0000000011010011 211
0000000011011111 223
0000000011100011 227
0000000011100101 229
0000000011101001 233
0000000011101111 239
0000000011110001 241
0000000011111011 251
0000000100000001 257
0000000100000111 263
0000000100001101 269
0000000100001111 271
0000000100010101 277
0000000100011001 281
0000000100011011 283
0000000100100101 293
0000000100110011 307
0000000100110111 311
0000000100111001 313
0000000100111101 317
0000000101001011 331
0000000101010001 337
0000000101011011 347
0000000101011101 349
0000000101100001 353
0000000101100111 359
0000000101101111 367
0000000101110101 373
0000000101111011 379
0000000101111111 383
0000000110000101 389
0000000110001101 397
0000000110010001 401
0000000110011001 409
0000000110100011 419
0000000110100101 421
0000000110101111 431
0000000110110001 433
0000000110110111 439
0000000110111011 443
0000000111000001 449
0000000111001001 457
0000000111001101 461
0000000111001111 463
0000000111010011 467
0000000111011111 479
0000000111100111 487
0000000111101011 491
0000000111110011 499
0000000111110111 503
0000000111111101 509
0000001000001001 521
0000001000001011 523
0000001000011101 541
0000001000100011 547
0000001000101101 557
0000001000110011 563
0000001000111001 569
0000001000111011 571
0000001001000001 577
0000001001001011 587
0000001001010001 593
0000001001010111 599
0000001001011001 601
0000001001011111 607
0000001001100101 613
0000001001101001 617
0000001001101011 619
0000001001110111 631
0000001010000001 641
0000001010000011 643
0000001010000111 647
0000001010001101 653
0000001010010011 659
0000001010010101 661
0000001010100001 673
0000001010100101 677
0000001010101011 683
0000001010110011 691
0000001010111101 701
0000001011000101 709
0000001011001111 719
0000001011010111 727
0000001011011101 733
0000001011100011 739
0000001011100111 743
0000001011101111 751
0000001011110101 757
0000001011111001 761
0000001100000001 769
0000001100000101 773
0000001100010011 787
0000001100011101 797
0000001100101001 809
0000001100101011 811
0000001100110101 821
0000001100110111 823
0000001100111011 827
0000001100111101 829
0000001101000111 839
0000001101010101 853
0000001101011001 857
0000001101011011 859
0000001101011111 863
0000001101101101 877
0000001101110001 881
0000001101110011 883
0000001101110111 887
0000001110001011 907
0000001110001111 911
0000001110010111 919
0000001110100001 929
0000001110101001 937
0000001110101101 941
0000001110110011 947
0000001110111001 953
0000001111000111 967
0000001111001011 971
0000001111010001 977
0000001111010111 983
0000001111011111 991
0000001111100101 997
0000001111110001 1009
0000001111110101 1013
0000001111111011 1019
0000001111111101 1021
0000010000000111 1031
0000010000001001 1033
0000010000001111 1039
0000010000011001 1049
0000010000011011 1051
0000010000100101 1061
0000010000100111 1063
0000010000101101 1069
0000010000111111 1087
0000010001000011 1091
0000010001000101 1093
0000010001001001 1097
0000010001001111 1103
0000010001010101 1109
0000010001011101 1117
0000010001100011 1123
0000010001101001 1129
0000010001111111 1151
0000010010000001 1153
0000010010001011 1163
0000010010010011 1171
0000010010011101 1181
0000010010100011 1187
0000010010101001 1193
0000010010110001 1201
0000010010111101 1213
0000010011000001 1217
0000010011000111 1223
0000010011001101 1229
0000010011001111 1231
0000010011010101 1237
0000010011100001 1249
0000010011101011 1259
0000010011111101 1277
0000010011111111 1279
0000010100000011 1283
0000010100001001 1289
0000010100001011 1291
0000010100010001 1297
0000010100010101 1301
0000010100010111 1303
0000010100011011 1307
0000010100100111 1319
0000010100101001 1321
0000010100101111 1327
0000010101010001 1361
0000010101010111 1367
0000010101011101 1373
0000010101100101 1381
0000010101110111 1399
0000010110000001 1409
0000010110001111 1423
0000010110010011 1427
0000010110010101 1429
0000010110011001 1433
0000010110011111 1439
0000010110100111 1447
0000010110101011 1451
0000010110101101 1453
0000010110110011 1459
0000010110111111 1471
0000010111001001 1481
0000010111001011 1483
0000010111001111 1487
0000010111010001 1489
0000010111010101 1493
0000010111011011 1499
0000010111100111 1511
0000010111110011 1523
0000010111111011 1531
0000011000000111 1543
0000011000001101 1549
0000011000010001 1553
0000011000010111 1559
0000011000011111 1567
0000011000100011 1571
0000011000101011 1579
0000011000101111 1583
0000011000111101 1597
0000011001000001 1601
0000011001000111 1607
0000011001001001 1609
0000011001001101 1613
0000011001010011 1619
0000011001010101 1621
0000011001011011 1627
0000011001100101 1637
0000011001111001 1657
0000011001111111 1663
0000011010000011 1667
0000011010000101 1669
0000011010011101 1693
0000011010100001 1697
0000011010100011 1699
0000011010101101 1709
0000011010111001 1721
0000011010111011 1723
0000011011000101 1733
0000011011001101 1741
0000011011010011 1747
0000011011011001 1753
0000011011011111 1759
0000011011110001 1777
0000011011110111 1783
0000011011111011 1787
0000011011111101 1789
0000011100001001 1801
0000011100010011 1811
0000011100011111 1823
0000011100100111 1831
0000011100110111 1847
0000011101000101 1861
0000011101001011 1867
0000011101001111 1871
0000011101010001 1873
0000011101010101 1877
0000011101010111 1879
0000011101100001 1889
0000011101101101 1901
0000011101110011 1907
0000011101111001 1913
0000011110001011 1931
0000011110001101 1933
0000011110011101 1949
0000011110011111 1951
0000011110110101 1973
0000011110111011 1979
0000011111000011 1987
0000011111001001 1993
0000011111001101 1997
0000011111001111 1999
0000011111010011 2003
0000011111011011 2011
0000011111100001 2017
0000011111101011 2027
0000011111101101 2029
0000011111110111 2039
0000100000000101 2053
0000100000001111 2063
0000100000010101 2069
0000100000100001 2081
0000100000100011 2083
0000100000100111 2087
0000100000101001 2089
0000100000110011 2099
0000100000111111 2111
0000100001000001 2113
0000100001010001 2129
0000100001010011 2131
0000100001011001 2137
0000100001011101 2141
0000100001011111 2143
0000100001101001 2153
0000100001110001 2161
0000100010000011 2179
0000100010011011 2203
0000100010011111 2207
0000100010100101 2213
0000100010101101 2221
0000100010111101 2237
0000100010111111 2239
0000100011000011 2243
0000100011001011 2251
0000100011011011 2267
0000100011011101 2269
0000100011100001 2273
0000100011101001 2281
0000100011101111 2287
0000100011110101 2293
0000100011111001 2297
0000100100000101 2309
0000100100000111 2311
0000100100011101 2333
0000100100100011 2339
0000100100100101 2341
0000100100101011 2347
0000100100101111 2351
0000100100110101 2357
0000100101000011 2371
0000100101001001 2377
0000100101001101 2381
0000100101001111 2383
0000100101010101 2389
0000100101011001 2393
0000100101011111 2399
0000100101101011 2411
0000100101110001 2417
0000100101110111 2423
0000100110000101 2437
0000100110001001 2441
0000100110001111 2447
0000100110011011 2459
0000100110100011 2467
0000100110101001 2473
0000100110101101 2477
0000100111000111 2503
0000100111011001 2521
0000100111100011 2531
0000100111101011 2539
0000100111101111 2543
0000100111110101 2549
0000100111110111 2551
0000100111111101 2557
0000101000010011 2579
0000101000011111 2591
0000101000100001 2593
0000101000110001 2609
0000101000111001 2617
0000101000111101 2621
0000101001001001 2633
0000101001010111 2647
0000101001100001 2657
0000101001100011 2659
0000101001100111 2663
0000101001101111 2671
0000101001110101 2677
0000101001111011 2683
0000101001111111 2687
0000101010000001 2689
0000101010000101 2693
0000101010001011 2699
0000101010010011 2707
0000101010010111 2711
0000101010011001 2713
0000101010011111 2719
0000101010101001 2729
0000101010101011 2731
0000101010110101 2741
0000101010111101 2749
0000101011000001 2753
0000101011001111 2767
0000101011011001 2777
0000101011100101 2789
0000101011100111 2791
0000101011101101 2797
0000101011110001 2801
0000101011110011 2803
0000101100000011 2819
0000101100010001 2833
0000101100010101 2837
0000101100011011 2843
0000101100100011 2851
0000101100101001 2857
0000101100101101 2861
0000101100111111 2879
0000101101000111 2887
0000101101010001 2897
0000101101010111 2903
0000101101011101 2909
0000101101100101 2917
0000101101101111 2927
0000101101111011 2939
0000101110001001 2953
0000101110001101 2957
0000101110010011 2963
0000101110011001 2969
0000101110011011 2971
0000101110110111 2999
0000101110111001 3001
0000101111000011 3011
0000101111001011 3019
0000101111001111 3023
0000101111011101 3037
0000101111100001 3041
0000101111101001 3049
0000101111110101 3061
0000101111111011 3067
0000110000000111 3079
0000110000001011 3083
0000110000010001 3089
0000110000100101 3109
0000110000101111 3119
0000110000110001 3121
0000110001000001 3137
0000110001011011 3163
0000110001011111 3167
0000110001100001 3169
0000110001101101 3181
0000110001110011 3187
0000110001110111 3191
0000110010000011 3203
0000110010001001 3209
0000110010010001 3217
0000110010010101 3221
0000110010011101 3229
0000110010110011 3251
0000110010110101 3253
0000110010111001 3257
0000110010111011 3259
0000110011000111 3271
0000110011100011 3299
0000110011100101 3301
0000110011101011 3307
0000110011110001 3313
0000110011110111 3319
0000110011111011 3323
0000110100000001 3329
0000110100000011 3331
0000110100001111 3343
0000110100010011 3347
0000110100011111 3359
0000110100100001 3361
0000110100101011 3371
0000110100101101 3373
0000110100111101 3389
0000110100111111 3391
0000110101001111 3407
0000110101010101 3413
0000110101101001 3433
0000110101111001 3449
0000110110000001 3457
0000110110000101 3461
0000110110000111 3463
0000110110001011 3467
0000110110001101 3469
0000110110100011 3491
0000110110101011 3499
0000110110110111 3511
0000110110111101 3517
0000110111000111 3527
0000110111001001 3529
0000110111001101 3533
0000110111010011 3539
0000110111010101 3541
0000110111011011 3547
0000110111100101 3557
0000110111100111 3559
0000110111110011 3571
0000110111111101 3581
0000110111111111 3583
0000111000001001 3593
0000111000010111 3607
0000111000011101 3613
0000111000100001 3617
0000111000100111 3623
0000111000101111 3631
0000111000110101 3637
0000111000111011 3643
0000111001001011 3659
0000111001010111 3671
0000111001011001 3673
0000111001011101 3677
0000111001101011 3691
0000111001110001 3697
0000111001110101 3701
0000111001111101 3709
0000111010000111 3719
0000111010001111 3727
0000111010010101 3733
0000111010011011 3739
0000111010110001 3761
0000111010110111 3767
0000111010111001 3769
0000111011000011 3779
0000111011010001 3793
0000111011010101 3797
0000111011011011 3803
0000111011101101 3821
0000111011101111 3823
0000111011111001 3833
0000111100000111 3847
0000111100001011 3851
0000111100001101 3853
0000111100010111 3863
0000111100100101 3877
0000111100101001 3881
0000111100110001 3889
0000111101000011 3907
0000111101000111 3911
0000111101001101 3917
0000111101001111 3919
0000111101010011 3923
0000111101011001 3929
0000111101011011 3931
0000111101100111 3943
0000111101101011 3947
0000111101111111 3967
0000111110010101 3989
0000111110100001 4001
0000111110100011 4003
0000111110100111 4007
0000111110101101 4013
0000111110110011 4019
0000111110110101 4021
0000111110111011 4027
0000111111010001 4049
0000111111010011 4051
0000111111011001 4057
0000111111101001 4073
0000111111101111 4079
0000111111111011 4091
0000111111111101 4093
0001000000000011 4099
0001000000001111 4111
0001000000011111 4127
0001000000100001 4129
0001000000100101 4133
0001000000101011 4139
0001000000111001 4153
0001000000111101 4157
0001000000111111 4159
0001000001010001 4177
0001000001101001 4201
0001000001110011 4211
0001000001111001 4217
0001000001111011 4219
0001000010000101 4229
0001000010000111 4231
0001000010010001 4241
0001000010010011 4243
0001000010011101 4253
0001000010100011 4259
0001000010100101 4261
0001000010101111 4271
0001000010110001 4273
0001000010111011 4283
0001000011000001 4289
0001000011001001 4297
0001000011100111 4327
0001000011110001 4337
0001000011110011 4339
0001000011111101 4349
0001000100000101 4357
0001000100001011 4363
0001000100010101 4373
0001000100100111 4391
0001000100101101 4397
0001000100111001 4409
0001000101000101 4421
0001000101000111 4423
0001000101011001 4441
0001000101011111 4447
0001000101100011 4451
0001000101101001 4457
0001000101101111 4463
0001000110000001 4481
0001000110000011 4483
0001000110001101 4493
0001000110011011 4507
0001000110100001 4513
0001000110100101 4517
0001000110100111 4519
0001000110101011 4523
0001000111000011 4547
0001000111000101 4549
0001000111010001 4561
0001000111010111 4567
0001000111100111 4583
0001000111101111 4591
0001000111110101 4597
0001000111111011 4603
0001001000001101 4621
0001001000011101 4637
0001001000011111 4639
0001001000100011 4643
0001001000101001 4649
0001001000101011 4651
0001001000110001 4657
0001001000110111 4663
0001001001000001 4673
0001001001000111 4679
0001001001010011 4691
0001001001011111 4703
0001001001110001 4721
0001001001110011 4723
0001001001111001 4729
0001001001111101 4733
0001001010001111 4751
0001001010010111 4759
0001001010101111 4783
0001001010110011 4787
0001001010110101 4789
0001001010111001 4793
0001001010111111 4799
0001001011000001 4801
0001001011001101 4813
0001001011010001 4817
0001001011011111 4831
0001001011111101 4861
0001001100000111 4871
0001001100001101 4877
0001001100011001 4889
0001001100100111 4903
0001001100101101 4909
0001001100110111 4919
0001001101000011 4931
0001001101000101 4933
0001001101001001 4937
0001001101001111 4943
0001001101010111 4951
0001001101011101 4957
0001001101100111 4967
0001001101101001 4969
0001001101101101 4973
0001001101111011 4987
0001001110000001 4993
0001001110000111 4999
0001001110001011 5003
0001001110010001 5009
0001001110010011 5011
0001001110011101 5021
0001001110011111 5023
0001001110101111 5039
0001001110111011 5051
0001001111000011 5059
0001001111010101 5077
0001001111011001 5081
0001001111011111 5087
0001001111101011 5099
0001001111101101 5101
0001001111110011 5107
0001001111111001 5113
0001001111111111 5119
0001010000011011 5147
0001010000100001 5153
0001010000101111 5167
0001010000110011 5171
0001010000111011 5179
0001010001000101 5189
0001010001001101 5197
0001010001011001 5209
0001010001101011 5227
0001010001101111 5231
0001010001110001 5233
0001010001110101 5237
0001010010001101 5261
0001010010011001 5273
0001010010011111 5279
0001010010100001 5281
0001010010110001 5297
0001010010110111 5303
0001010010111101 5309
0001010011001011 5323
0001010011010101 5333
0001010011100011 5347
0001010011100111 5351
0001010100000101 5381
0001010100001011 5387
0001010100010001 5393
0001010100010111 5399
0001010100011111 5407
0001010100100101 5413
0001010100101001 5417
0001010100101011 5419
0001010100110111 5431
0001010100111101 5437
0001010101000001 5441
0001010101000011 5443
0001010101001001 5449
0001010101011111 5471
0001010101100101 5477
0001010101100111 5479
0001010101101011 5483
0001010101111101 5501
0001010101111111 5503
0001010110000011 5507
0001010110001111 5519
0001010110010001 5521
0001010110010111 5527
0001010110011011 5531
0001010110110101 5557
0001010110111011 5563
0001010111000001 5569
0001010111000101 5573
0001010111001101 5581
0001010111010111 5591
0001010111110111 5623
0001011000000111 5639
0001011000001001 5641
0001011000001111 5647
0001011000010011 5651
0001011000010101 5653
0001011000011001 5657
0001011000011011 5659
0001011000100101 5669
0001011000110011 5683
0001011000111001 5689
0001011000111101 5693
0001011001000101 5701
0001011001001111 5711
0001011001010101 5717
0001011001101001 5737
0001011001101101 5741
0001011001101111 5743
0001011001110101 5749
