0000000000000000 0
0000000000000001 1
0000000000000010 2
0000000000000011 3
0000000000000100 4
0000000000000101 5
0000000000000110 6
0000000000000111 7
0000000000001000 8
0000000000001001 9
0000000000001010 10
0000000000001011 11
0000000000001100 12
0000000000001101 13
0000000000001110 14
0000000000001111 15
0000000000010000 16
0000000000010001 17
0000000000010010 18
0000000000010011 19
0000000000010100 20
0000000000010101 21
0000000000010110 22
0000000000010111 23
0000000000011000 24
0000000000011001 25
0000000000011010 26
0000000000011011 27
0000000000011100 28
0000000000011101 29
0000000000011110 30
0000000000011111 31
0000000000100000 32
0000000000100001 33
0000000000100010 34
0000000000100011 35
0000000000100100 36
0000000000100101 37
0000000000100110 38
0000000000100111 39
0000000000101000 40
0000000000101001 41
0000000000101010 42
0000000000101011 43
0000000000101100 44
0000000000101101 45
0000000000101110 46
0000000000101111 47
0000000000110000 48
0000000000110001 49
0000000000110010 50
0000000000110011 51
0000000000110100 52
0000000000110101 53
0000000000110110 54
0000000000110111 55
0000000000111000 56
0000000000111001 57
0000000000111010 58
0000000000111011 59
0000000000111100 60
0000000000111101 61
0000000000111110 62
0000000000111111 63
0000000001000000 64
0000000001000001 65
0000000001000010 66
0000000001000011 67
0000000001000100 68
0000000001000101 69
0000000001000110 70
0000000001000111 71
0000000001001000 72
0000000001001001 73
0000000001001010 74
0000000001001011 75
0000000001001100 76
0000000001001101 77
0000000001001110 78
0000000001001111 79
0000000001010000 80
0000000001010001 81
0000000001010010 82
0000000001010011 83
0000000001010100 84
0000000001010101 85
0000000001010110 86
0000000001010111 87
0000000001011000 88
0000000001011001 89
0000000001011010 90
0000000001011011 91
0000000001011100 92
0000000001011101 93
0000000001011110 94
0000000001011111 95
0000000001100000 96
0000000001100001 97
0000000001100010 98
0000000001100011 99
0000000001100100 100
0000000001100101 101
0000000001100110 102
0000000001100111 103
0000000001101000 104
0000000001101001 105
0000000001101010 106
0000000001101011 107
0000000001101100 108
0000000001101101 109
0000000001101110 110
0000000001101111 111
0000000001110000 112
0000000001110001 113
0000000001110010 114
0000000001110011 115
0000000001110100 116
0000000001110101 117
0000000001110110 118
0000000001110111 119
0000000001111000 120
0000000001111001 121
0000000001111010 122
0000000001111011 123
0000000001111100 124
0000000001111101 125
0000000001111110 126
0000000001111111 127
0000000010000000 128
0000000010000001 129
0000000010000010 130
0000000010000011 131
0000000010000100 132
0000000010000101 133
0000000010000110 134
0000000010000111 135
0000000010001000 136
0000000010001001 137
0000000010001010 138
0000000010001011 139
0000000010001100 140
0000000010001101 141
0000000010001110 142
0000000010001111 143
0000000010010000 144
0000000010010001 145
0000000010010010 146
0000000010010011 147
0000000010010100 148
0000000010010101 149
0000000010010110 150
0000000010010111 151
0000000010011000 152
0000000010011001 153
0000000010011010 154
0000000010011011 155
0000000010011100 156
0000000010011101 157
0000000010011110 158
0000000010011111 159
0000000010100000 160
0000000010100001 161
0000000010100010 162
0000000010100011 163
0000000010100100 164
0000000010100101 165
0000000010100110 166
0000000010100111 167
0000000010101000 168
0000000010101001 169
0000000010101010 170
0000000010101011 171
0000000010101100 172
0000000010101101 173
0000000010101110 174
0000000010101111 175
0000000010110000 176
0000000010110001 177
0000000010110010 178
0000000010110011 179
0000000010110100 180
0000000010110101 181
0000000010110110 182
0000000010110111 183
0000000010111000 184
0000000010111001 185
0000000010111010 186
0000000010111011 187
0000000010111100 188
0000000010111101 189
0000000010111110 190
0000000010111111 191
0000000011000000 192
0000000011000001 193
0000000011000010 194
0000000011000011 195
0000000011000100 196
0000000011000101 197
0000000011000110 198
0000000011000111 199
0000000011001000 200
0000000011001001 201
0000000011001010 202
0000000011001011 203
0000000011001100 204
0000000011001101 205
0000000011001110 206
0000000011001111 207
0000000011010000 208
0000000011010001 209
0000000011010010 210
0000000011010011 211
0000000011010100 212
0000000011010101 213
0000000011010110 214
0000000011010111 215
0000000011011000 216
0000000011011001 217
0000000011011010 218
0000000011011011 219
0000000011011100 220
0000000011011101 221
0000000011011110 222
0000000011011111 223
0000000011100000 224
0000000011100001 225
0000000011100010 226
0000000011100011 227
0000000011100100 228
0000000011100101 229
0000000011100110 230
0000000011100111 231
0000000011101000 232
0000000011101001 233
0000000011101010 234
0000000011101011 235
0000000011101100 236
0000000011101101 237
0000000011101110 238
0000000011101111 239
0000000011110000 240
0000000011110001 241
0000000011110010 242
0000000011110011 243
0000000011110100 244
0000000011110101 245
0000000011110110 246
0000000011110111 247
0000000011111000 248
0000000011111001 249
0000000011111010 250
0000000011111011 251
0000000011111100 252
0000000011111101 253
0000000011111110 254
0000000011111111 255
0000000100000000 256
0000000100000001 257
0000000100000010 258
0000000100000011 259
0000000100000100 260
0000000100000101 261
0000000100000110 262
0000000100000111 263
0000000100001000 264
0000000100001001 265
0000000100001010 266
0000000100001011 267
0000000100001100 268
0000000100001101 269
0000000100001110 270
0000000100001111 271
0000000100010000 272
0000000100010001 273
0000000100010010 274
0000000100010011 275
0000000100010100 276
0000000100010101 277
0000000100010110 278
0000000100010111 279
0000000100011000 280
0000000100011001 281
0000000100011010 282
0000000100011011 283
0000000100011100 284
0000000100011101 285
0000000100011110 286
0000000100011111 287
0000000100100000 288
0000000100100001 289
0000000100100010 290
0000000100100011 291
0000000100100100 292
0000000100100101 293
0000000100100110 294
0000000100100111 295
0000000100101000 296
0000000100101001 297
0000000100101010 298
0000000100101011 299
0000000100101100 300
0000000100101101 301
0000000100101110 302
0000000100101111 303
0000000100110000 304
0000000100110001 305
0000000100110010 306
0000000100110011 307
0000000100110100 308
0000000100110101 309
0000000100110110 310
0000000100110111 311
0000000100111000 312
0000000100111001 313
0000000100111010 314
0000000100111011 315
0000000100111100 316
0000000100111101 317
0000000100111110 318
0000000100111111 319
0000000101000000 320
0000000101000001 321
0000000101000010 322
0000000101000011 323
0000000101000100 324
0000000101000101 325
0000000101000110 326
0000000101000111 327
0000000101001000 328
0000000101001001 329
0000000101001010 330
0000000101001011 331
0000000101001100 332
0000000101001101 333
0000000101001110 334
0000000101001111 335
0000000101010000 336
0000000101010001 337
0000000101010010 338
0000000101010011 339
0000000101010100 340
0000000101010101 341
0000000101010110 342
0000000101010111 343
0000000101011000 344
0000000101011001 345
0000000101011010 346
0000000101011011 347
0000000101011100 348
0000000101011101 349
0000000101011110 350
0000000101011111 351
0000000101100000 352
0000000101100001 353
0000000101100010 354
0000000101100011 355
0000000101100100 356
0000000101100101 357
0000000101100110 358
0000000101100111 359
0000000101101000 360
0000000101101001 361
0000000101101010 362
0000000101101011 363
0000000101101100 364
0000000101101101 365
0000000101101110 366
0000000101101111 367
0000000101110000 368
0000000101110001 369
0000000101110010 370
0000000101110011 371
0000000101110100 372
0000000101110101 373
0000000101110110 374
0000000101110111 375
0000000101111000 376
0000000101111001 377
0000000101111010 378
0000000101111011 379
0000000101111100 380
0000000101111101 381
0000000101111110 382
0000000101111111 383
0000000110000000 384
0000000110000001 385
0000000110000010 386
0000000110000011 387
0000000110000100 388
0000000110000101 389
0000000110000110 390
0000000110000111 391
0000000110001000 392
0000000110001001 393
0000000110001010 394
0000000110001011 395
0000000110001100 396
0000000110001101 397
0000000110001110 398
0000000110001111 399
0000000110010000 400
0000000110010001 401
0000000110010010 402
0000000110010011 403
0000000110010100 404
0000000110010101 405
0000000110010110 406
0000000110010111 407
0000000110011000 408
0000000110011001 409
0000000110011010 410
0000000110011011 411
0000000110011100 412
0000000110011101 413
0000000110011110 414
0000000110011111 415
0000000110100000 416
0000000110100001 417
0000000110100010 418
0000000110100011 419
0000000110100100 420
0000000110100101 421
0000000110100110 422
0000000110100111 423
0000000110101000 424
0000000110101001 425
0000000110101010 426
0000000110101011 427
0000000110101100 428
0000000110101101 429
0000000110101110 430
0000000110101111 431
0000000110110000 432
0000000110110001 433
0000000110110010 434
0000000110110011 435
0000000110110100 436
0000000110110101 437
0000000110110110 438
0000000110110111 439
0000000110111000 440
0000000110111001 441
0000000110111010 442
0000000110111011 443
0000000110111100 444
0000000110111101 445
0000000110111110 446
0000000110111111 447
0000000111000000 448
0000000111000001 449
0000000111000010 450
0000000111000011 451
0000000111000100 452
0000000111000101 453
0000000111000110 454
0000000111000111 455
0000000111001000 456
0000000111001001 457
0000000111001010 458
0000000111001011 459
0000000111001100 460
0000000111001101 461
0000000111001110 462
0000000111001111 463
0000000111010000 464
0000000111010001 465
0000000111010010 466
0000000111010011 467
0000000111010100 468
0000000111010101 469
0000000111010110 470
0000000111010111 471
0000000111011000 472
0000000111011001 473
0000000111011010 474
0000000111011011 475
0000000111011100 476
0000000111011101 477
0000000111011110 478
0000000111011111 479
0000000111100000 480
0000000111100001 481
0000000111100010 482
0000000111100011 483
0000000111100100 484
0000000111100101 485
0000000111100110 486
0000000111100111 487
0000000111101000 488
0000000111101001 489
0000000111101010 490
0000000111101011 491
0000000111101100 492
0000000111101101 493
0000000111101110 494
0000000111101111 495
0000000111110000 496
0000000111110001 497
0000000111110010 498
0000000111110011 499
0000000111110100 500
0000000111110101 501
0000000111110110 502
0000000111110111 503
0000000111111000 504
0000000111111001 505
0000000111111010 506
0000000111111011 507
0000000111111100 508
0000000111111101 509
0000000111111110 510
0000000111111111 511
0000001000000000 512
0000001000000001 513
0000001000000010 514
0000001000000011 515
0000001000000100 516
0000001000000101 517
0000001000000110 518
0000001000000111 519
0000001000001000 520
0000001000001001 521
0000001000001010 522
0000001000001011 523
0000001000001100 524
0000001000001101 525
0000001000001110 526
0000001000001111 527
0000001000010000 528
0000001000010001 529
0000001000010010 530
0000001000010011 531
0000001000010100 532
0000001000010101 533
0000001000010110 534
0000001000010111 535
0000001000011000 536
0000001000011001 537
0000001000011010 538
0000001000011011 539
0000001000011100 540
0000001000011101 541
0000001000011110 542
0000001000011111 543
0000001000100000 544
0000001000100001 545
0000001000100010 546
0000001000100011 547
0000001000100100 548
0000001000100101 549
0000001000100110 550
0000001000100111 551
0000001000101000 552
0000001000101001 553
0000001000101010 554
0000001000101011 555
0000001000101100 556
0000001000101101 557
0000001000101110 558
0000001000101111 559
0000001000110000 560
0000001000110001 561
0000001000110010 562
0000001000110011 563
0000001000110100 564
0000001000110101 565
0000001000110110 566
0000001000110111 567
0000001000111000 568
0000001000111001 569
0000001000111010 570
0000001000111011 571
0000001000111100 572
0000001000111101 573
0000001000111110 574
0000001000111111 575
0000001001000000 576
0000001001000001 577
0000001001000010 578
0000001001000011 579
0000001001000100 580
0000001001000101 581
0000001001000110 582
0000001001000111 583
0000001001001000 584
0000001001001001 585
0000001001001010 586
0000001001001011 587
0000001001001100 588
0000001001001101 589
0000001001001110 590
0000001001001111 591
0000001001010000 592
0000001001010001 593
0000001001010010 594
0000001001010011 595
0000001001010100 596
0000001001010101 597
0000001001010110 598
0000001001010111 599
0000001001011000 600
0000001001011001 601
0000001001011010 602
0000001001011011 603
0000001001011100 604
0000001001011101 605
0000001001011110 606
0000001001011111 607
0000001001100000 608
0000001001100001 609
0000001001100010 610
0000001001100011 611
0000001001100100 612
0000001001100101 613
0000001001100110 614
0000001001100111 615
0000001001101000 616
0000001001101001 617
0000001001101010 618
0000001001101011 619
0000001001101100 620
0000001001101101 621
0000001001101110 622
0000001001101111 623
0000001001110000 624
0000001001110001 625
0000001001110010 626
0000001001110011 627
0000001001110100 628
0000001001110101 629
0000001001110110 630
0000001001110111 631
0000001001111000 632
0000001001111001 633
0000001001111010 634
0000001001111011 635
0000001001111100 636
0000001001111101 637
0000001001111110 638
0000001001111111 639
0000001010000000 640
0000001010000001 641
0000001010000010 642
0000001010000011 643
0000001010000100 644
0000001010000101 645
0000001010000110 646
0000001010000111 647
0000001010001000 648
0000001010001001 649
0000001010001010 650
0000001010001011 651
0000001010001100 652
0000001010001101 653
0000001010001110 654
0000001010001111 655
0000001010010000 656
0000001010010001 657
0000001010010010 658
0000001010010011 659
0000001010010100 660
0000001010010101 661
0000001010010110 662
0000001010010111 663
0000001010011000 664
0000001010011001 665
0000001010011010 666
0000001010011011 667
0000001010011100 668
0000001010011101 669
0000001010011110 670
0000001010011111 671
0000001010100000 672
0000001010100001 673
0000001010100010 674
0000001010100011 675
0000001010100100 676
0000001010100101 677
0000001010100110 678
0000001010100111 679
0000001010101000 680
0000001010101001 681
0000001010101010 682
0000001010101011 683
0000001010101100 684
0000001010101101 685
0000001010101110 686
0000001010101111 687
0000001010110000 688
0000001010110001 689
0000001010110010 690
0000001010110011 691
0000001010110100 692
0000001010110101 693
0000001010110110 694
0000001010110111 695
0000001010111000 696
0000001010111001 697
0000001010111010 698
0000001010111011 699
0000001010111100 700
0000001010111101 701
0000001010111110 702
0000001010111111 703
0000001011000000 704
0000001011000001 705
0000001011000010 706
0000001011000011 707
0000001011000100 708
0000001011000101 709
0000001011000110 710
0000001011000111 711
0000001011001000 712
0000001011001001 713
0000001011001010 714
0000001011001011 715
0000001011001100 716
0000001011001101 717
0000001011001110 718
0000001011001111 719
0000001011010000 720
0000001011010001 721
0000001011010010 722
0000001011010011 723
0000001011010100 724
0000001011010101 725
0000001011010110 726
0000001011010111 727
0000001011011000 728
0000001011011001 729
0000001011011010 730
0000001011011011 731
0000001011011100 732
0000001011011101 733
0000001011011110 734
0000001011011111 735
0000001011100000 736
0000001011100001 737
0000001011100010 738
0000001011100011 739
0000001011100100 740
0000001011100101 741
0000001011100110 742
0000001011100111 743
0000001011101000 744
0000001011101001 745
0000001011101010 746
0000001011101011 747
0000001011101100 748
0000001011101101 749
0000001011101110 750
0000001011101111 751
0000001011110000 752
0000001011110001 753
0000001011110010 754
0000001011110011 755
0000001011110100 756
